{
  "advancedEditorSelectedIdentifier" : "ShaderGraphEditorPluginID",
  "openSceneRelativePaths" : [
    "Scene.usda",
    "VBStereoRenderRealityKit.usda"
  ],
  "recentIdentifiers" : {
    "5001C8E0-26AC-4CA2-B51E-C4FA21A25681" : [

    ],
    "A7F381D7-DA61-4240-9F27-0C7A048E80B0" : [

    ],
    "B87E11A6-CE01-41BF-B1BF-8D95453BC509" : [

    ],
    "C557F816-7AAE-4A77-BB25-4D7D3DDEDE85" : [

    ],
    "F9E2508F-D8C9-4649-9B5D-6AE7F07894DE" : [

    ]
  },
  "sceneCameraHistory" : {
    "3DA0F112-0926-429E-A286-FA5A0C61C701" : [
      {
        "date" : 727831679.321054,
        "title" : "Untitled",
        "transform" : [
          -0.09516463,
          6.473869e-09,
          -0.9954615,
          0,
          0.54626524,
          -0.83598274,
          -0.05222214,
          0,
          -0.83218867,
          -0.54875576,
          0.07955598,
          0,
          -3.537354,
          -1.4166543,
          0.0017174932,
          1
        ]
      },
      {
        "date" : 727831482.538866,
        "title" : "Untitled",
        "transform" : [
          -0.028090382,
          1.5096472e-05,
          -0.9996054,
          0,
          0.8506976,
          -0.52511114,
          -0.023913784,
          0,
          -0.5249043,
          -0.8510337,
          0.014737731,
          0,
          -2.170821,
          -2.6348453,
          -0.32682174,
          1
        ]
      },
      {
        "date" : 727831122.708435,
        "title" : "Untitled",
        "transform" : [
          0.6934829,
          -2.8025852e-08,
          0.72047305,
          0,
          0.5864839,
          0.5808283,
          -0.5645132,
          0,
          -0.4184711,
          0.81402606,
          0.4027945,
          0,
          -1.5590298,
          2.9258814,
          2.46469,
          1
        ]
      },
      {
        "date" : 727831112.959257,
        "title" : "Untitled",
        "transform" : [
          0.21891761,
          4.116377e-06,
          0.97574335,
          0,
          0.7922661,
          0.58371013,
          -0.17775513,
          0,
          -0.56955206,
          0.8119621,
          0.12778117,
          0,
          -2.3209662,
          3.050388,
          2.2313735,
          1
        ]
      },
      {
        "date" : 727821241.881617,
        "title" : "Untitled",
        "transform" : [
          0.9902624,
          -1.09307665e-08,
          0.13921376,
          0,
          0.08549153,
          0.7892262,
          -0.6081227,
          0,
          -0.10987113,
          0.61410266,
          0.781541,
          0,
          2.6798015,
          3.0741763,
          6.4422297,
          1
        ]
      },
      {
        "date" : 727762143.794069,
        "title" : "Untitled",
        "transform" : [
          0.9902624,
          -1.09307665e-08,
          0.13921376,
          0,
          0.08549153,
          0.7892262,
          -0.6081227,
          0,
          -0.10987113,
          0.61410266,
          0.781541,
          0,
          0.15430652,
          0.11459386,
          0.19498831,
          1
        ]
      },
      {
        "date" : 727762078.871306,
        "title" : "Untitled",
        "transform" : [
          0.9902624,
          -1.09307665e-08,
          0.13921376,
          0,
          0.08549153,
          0.7892262,
          -0.6081227,
          0,
          -0.10987113,
          0.61410266,
          0.781541,
          0,
          0.17190246,
          0.13997035,
          0.17752223,
          1
        ]
      },
      {
        "date" : 727762074.022856,
        "title" : "Untitled",
        "transform" : [
          1,
          0,
          0,
          0,
          0,
          0.84657747,
          -0.5322656,
          0,
          0,
          0.5322656,
          0.84657747,
          0,
          0.19505538,
          0.12298309,
          0.16578642,
          1
        ]
      },
      {
        "date" : 727762072.157237,
        "title" : "Untitled",
        "transform" : [
          1,
          0,
          0,
          0,
          0,
          0.84657747,
          -0.5322656,
          0,
          0,
          0.5322656,
          0.84657747,
          0,
          0.19505538,
          0.10683763,
          0.14010677,
          1
        ]
      },
      {
        "date" : 727762024.526651,
        "title" : "Untitled",
        "transform" : [
          1,
          0,
          -0,
          0,
          -0,
          0.84657747,
          -0.5322656,
          0,
          0,
          0.5322656,
          0.84657747,
          0,
          0.14462326,
          0.28093925,
          0.40600833,
          1
        ]
      }
    ],
    "5001C8E0-26AC-4CA2-B51E-C4FA21A25681" : [
      {
        "date" : 727905208.084284,
        "title" : "Untitled",
        "transform" : [
          0.9975652,
          2.1602204e-09,
          -0.06973949,
          0,
          -0.041214217,
          0.8066907,
          -0.58953494,
          0,
          0.0562582,
          0.59097385,
          0.80472666,
          0,
          -0.06971353,
          0.3155187,
          0.4064229,
          1
        ]
      },
      {
        "date" : 727899962.55362,
        "title" : "Untitled",
        "transform" : [
          0.99999994,
          0,
          0,
          0,
          0,
          0.8660254,
          -0.49999994,
          0,
          0,
          0.49999994,
          0.8660254,
          0,
          0.010590969,
          0.18829404,
          0.3581821,
          1
        ]
      },
      {
        "date" : 727899894.642691,
        "title" : "Untitled",
        "transform" : [
          0.99999994,
          0,
          0,
          0,
          0,
          0.8660254,
          -0.49999994,
          0,
          0,
          0.49999994,
          0.8660254,
          0,
          0,
          0.37854776,
          0.72009194,
          1
        ]
      },
      {
        "date" : 727899888.068398,
        "title" : "Untitled",
        "transform" : [
          0.99999994,
          0,
          -0,
          0,
          -0,
          0.8660254,
          -0.49999994,
          0,
          0,
          0.49999994,
          0.8660254,
          0,
          0,
          0.16541201,
          0.31465477,
          1
        ]
      },
      {
        "date" : 727833516.238579,
        "title" : "Untitled",
        "transform" : [
          0.99999994,
          0,
          -0,
          0,
          -0,
          0.8660254,
          -0.49999994,
          0,
          0,
          0.49999994,
          0.8660254,
          0,
          0,
          0.5171416,
          0.89571565,
          1
        ]
      }
    ],
    "A7F381D7-DA61-4240-9F27-0C7A048E80B0" : [
      {
        "date" : 727900409.92005,
        "title" : "Untitled",
        "transform" : [
          0.97137207,
          8.2981484e-07,
          -0.23756327,
          0,
          -0.12647505,
          0.84650433,
          -0.5171407,
          0,
          0.2010979,
          0.53238183,
          0.82227075,
          0,
          0.0995782,
          0.25606617,
          0.48099133,
          1
        ]
      },
      {
        "date" : 727832425.712723,
        "title" : "Untitled",
        "transform" : [
          0.99999994,
          0,
          -0,
          0,
          -0,
          0.8660254,
          -0.49999988,
          0,
          0,
          0.49999988,
          0.8660254,
          0,
          0,
          0.2585735,
          0.44786254,
          1
        ]
      }
    ],
    "B87E11A6-CE01-41BF-B1BF-8D95453BC509" : [
      {
        "date" : 727759743.740526,
        "title" : "Untitled",
        "transform" : [
          -0.008298537,
          4.4214998e-10,
          0.9999656,
          0,
          0.55263793,
          0.83340883,
          0.004586244,
          0,
          -0.83338016,
          0.55265695,
          -0.0069160745,
          0,
          -0.8704966,
          0.70126784,
          0.052878726,
          1
        ]
      },
      {
        "date" : 727759707.760001,
        "title" : "Untitled",
        "transform" : [
          0.08311506,
          5.484544e-09,
          0.9965399,
          0,
          -0.821127,
          0.5666217,
          0.068484984,
          0,
          -0.5646612,
          -0.823978,
          0.047094807,
          0,
          -0.58246356,
          -0.61980754,
          -0.028102228,
          1
        ]
      },
      {
        "date" : 727756327.419394,
        "title" : "Untitled",
        "transform" : [
          -0.9971847,
          -0.0020947517,
          -0.07495484,
          0,
          -0.06906727,
          0.4148519,
          0.9072638,
          0,
          0.029194664,
          0.90988654,
          -0.41382864,
          0,
          -0.3726662,
          1.6710156,
          -0.6905555,
          1
        ]
      },
      {
        "date" : 727756278.135505,
        "title" : "Untitled",
        "transform" : [
          -0.9971847,
          -0.0020947517,
          -0.07495484,
          0,
          -0.06906727,
          0.4148519,
          0.9072638,
          0,
          0.029194664,
          0.90988654,
          -0.41382864,
          0,
          -0.20192954,
          4.329288,
          -1.6164927,
          1
        ]
      },
      {
        "date" : 727755828.909796,
        "title" : "Untitled",
        "transform" : [
          -0.9971847,
          -0.0020947517,
          -0.07495484,
          0,
          -0.06906727,
          0.4148519,
          0.9072638,
          0,
          0.029194664,
          0.90988654,
          -0.41382864,
          0,
          -0.06696133,
          1.4356241,
          -0.536041,
          1
        ]
      },
      {
        "date" : 727755815.473488,
        "title" : "Untitled",
        "transform" : [
          -0.9993618,
          5.0868794e-09,
          -0.035721716,
          0,
          -0.027431635,
          0.6405385,
          0.76743597,
          0,
          0.02288114,
          0.76792604,
          -0.6401297,
          0,
          -0.63712937,
          0.9464334,
          -0.815611,
          1
        ]
      },
      {
        "date" : 727755806.637346,
        "title" : "Untitled",
        "transform" : [
          -0.9993618,
          5.0868794e-09,
          -0.035721716,
          0,
          -0.027431635,
          0.6405385,
          0.76743597,
          0,
          0.02288114,
          0.76792604,
          -0.6401297,
          0,
          0.019278489,
          0.9464334,
          -0.7921477,
          1
        ]
      },
      {
        "date" : 727752923.837236,
        "title" : "Untitled",
        "transform" : [
          -0.99722093,
          9.73182e-10,
          -0.07450023,
          0,
          -0.05785494,
          0.6300262,
          0.7744158,
          0,
          0.0469371,
          0.77657384,
          -0.62827533,
          0,
          0.009890694,
          0.79111266,
          -0.6664878,
          1
        ]
      },
      {
        "date" : 727752794.823973,
        "title" : "Untitled",
        "transform" : [
          -0.65424514,
          -0.00028845557,
          0.7562824,
          0,
          0.58645815,
          0.6312172,
          0.50757426,
          0,
          -0.47752494,
          0.77560604,
          -0.41280168,
          0,
          -0.48762363,
          0.8441739,
          -0.33644602,
          1
        ]
      },
      {
        "date" : 727752782.5701,
        "title" : "Untitled",
        "transform" : [
          0.7813627,
          -6.1516545e-08,
          -0.6240772,
          0,
          -0.5551037,
          0.4569754,
          -0.69500595,
          0,
          0.285188,
          0.88947934,
          0.35706353,
          0,
          0.42707315,
          0.88326705,
          0.098094046,
          1
        ]
      }
    ],
    "C557F816-7AAE-4A77-BB25-4D7D3DDEDE85" : [
      {
        "date" : 727900348.140689,
        "title" : "Untitled",
        "transform" : [
          0.9007514,
          -8.546701e-10,
          -0.4343351,
          0,
          -0.030159019,
          0.9975863,
          -0.062545665,
          0,
          0.4332868,
          0.06943722,
          0.8985773,
          0,
          0.4790244,
          0.10399936,
          0.3867152,
          1
        ]
      },
      {
        "date" : 727900328.347351,
        "title" : "Untitled",
        "transform" : [
          0.13533048,
          9.1076466e-11,
          -0.9908005,
          0,
          -0.3411348,
          0.9388589,
          -0.046594582,
          0,
          0.9302219,
          0.3443022,
          0.12705624,
          0,
          0.84696525,
          0.5924865,
          0.11445596,
          1
        ]
      },
      {
        "date" : 727899967.170676,
        "title" : "Untitled",
        "transform" : [
          0.99645287,
          -1.0386536e-09,
          -0.08415296,
          0,
          -0.039466213,
          0.88320774,
          -0.46731836,
          0,
          0.07432455,
          0.46898192,
          0.8800749,
          0,
          0.013725625,
          0.4521765,
          0.5334222,
          1
        ]
      },
      {
        "date" : 727899881.707406,
        "title" : "Untitled",
        "transform" : [
          0.781348,
          1.2261994e-08,
          0.6240956,
          0,
          0.2712347,
          0.9006215,
          -0.3395773,
          0,
          -0.5620739,
          0.4346044,
          0.70369875,
          0,
          -0.76460785,
          0.45233294,
          0.54280543,
          1
        ]
      },
      {
        "date" : 727835484.356767,
        "title" : "Untitled",
        "transform" : [
          0.72660804,
          -2.8948374e-08,
          0.6870522,
          0,
          0.24970475,
          0.9316161,
          -0.26408106,
          0,
          -0.6400689,
          0.36344364,
          0.6769198,
          0,
          -0.5127635,
          0.33399493,
          0.49722147,
          1
        ]
      },
      {
        "date" : 727833263.954589,
        "title" : "Untitled",
        "transform" : [
          0.69200885,
          -2.3198812e-08,
          0.72188896,
          0,
          0.272889,
          0.92579716,
          -0.26159367,
          0,
          -0.6683227,
          0.37802067,
          0.6406598,
          0,
          -0.5127635,
          0.33399493,
          0.49722147,
          1
        ]
      },
      {
        "date" : 727833227.179231,
        "title" : "Untitled",
        "transform" : [
          0.011162875,
          1.8924196e-11,
          0.99993765,
          0,
          0.45458928,
          0.89068675,
          -0.0050748396,
          0,
          -0.8906312,
          0.45461756,
          0.009942625,
          0,
          -0.7713017,
          0.33418,
          0.1766445,
          1
        ]
      },
      {
        "date" : 727832292.397155,
        "title" : "Untitled",
        "transform" : [
          0.99759436,
          3.1326088e-09,
          0.06932176,
          0,
          0.036267,
          0.8522289,
          -0.52191055,
          0,
          -0.059078004,
          0.52316916,
          0.8501787,
          0,
          -0.18522115,
          0.9663229,
          2.0242183,
          1
        ]
      },
      {
        "date" : 727831777.235014,
        "title" : "Untitled",
        "transform" : [
          0.99759436,
          3.0583998e-09,
          0.06932176,
          0,
          0.036267,
          0.8522289,
          -0.52191055,
          0,
          -0.059078008,
          0.5231691,
          0.8501787,
          0,
          0.20972224,
          2.638641,
          3.1838503,
          1
        ]
      },
      {
        "date" : 727831766.033679,
        "title" : "Untitled",
        "transform" : [
          0.9934695,
          -5.195563e-08,
          0.11409794,
          0,
          0.056306344,
          0.8697509,
          -0.49026817,
          0,
          -0.099236764,
          0.49349093,
          0.864071,
          0,
          0.074870095,
          3.6394846,
          4.637418,
          1
        ]
      }
    ],
    "F9E2508F-D8C9-4649-9B5D-6AE7F07894DE" : [
      {
        "date" : 727831548.455479,
        "title" : "Untitled",
        "transform" : [
          0.99999994,
          0,
          0,
          0,
          0,
          0.8660254,
          -0.49999988,
          0,
          0,
          0.49999988,
          0.8660254,
          0,
          0.122274846,
          2.0075822,
          3.6363616,
          1
        ]
      },
      {
        "date" : 727831543.564309,
        "title" : "Untitled",
        "transform" : [
          0.99999994,
          0,
          -0,
          0,
          -0,
          0.8660254,
          -0.49999988,
          0,
          0,
          0.49999988,
          0.8660254,
          0,
          0,
          0.2585735,
          0.44786254,
          1
        ]
      }
    ]
  },
  "selectedSceneRelativePath" : "VBStereoRenderRealityKit.usda"
}